300 0
70240 3280
13080 10640
5800 17040
71120 720
31760 11640
24040 20720
69720 19720
35640 36000
53880 26720
10000 23160
50360 31840
43280 13800
26360 39920
44080 9040
37160 31760
64960 13320
58240 21720
16480 37720
25400 4280
50240 80
32360 22440
40080 19520
20440 39160
71600 10760
23800 19680
65040 32000
34880 20480
64520 28240
13640 2720
43280 33200
16960 19440
41640 4240
44760 35680
60320 22560
70200 37920
33720 32160
68600 28600
46280 39240
6680 19880
48120 20560
14080 240
7040 34000
26040 3640
9560 20000
47440 12000
39680 35120
46280 37440
21080 30600
9920 11520
51080 29680
64600 36160
63960 4360
38920 17640
44560 6600
49560 25120
64720 28600
56480 25360
69160 1320
14160 14120
45480 30800
68120 24360
13400 15200
1840 16280
48000 15920
44080 10520
26600 19080
38680 18800
23320 38560
55040 15320
16240 27600
41200 32600
61800 16400
51920 26400
6400 4880
9560 11160
60360 3760
15560 36560
66000 38480
41280 11560
28640 3240
28160 12800
56720 16560
43200 3080
34280 36920
48760 12520
51400 16560
32040 35960
28720 13120
61040 33560
27400 35960
49520 8760
30680 8400
3840 25400
10680 31480
41080 15800
28040 28720
69480 33000
10920 24960
27440 34080
17880 33160
63400 31200
34960 11120
30480 200
51080 31320
50960 32000
41960 16320
50640 31120
160 17880
41920 11720
10680 28200
56320 1400
48240 38520
31080 18720
37400 17440
71480 13200
5680 25920
7520 16720
400 15760
52360 37960
9040 18920
24360 8440
42520 480
56600 440
46760 13160
70880 1560
3520 35080
66800 24440
1600 33480
52160 11200
14040 36520
65480 27120
4680 13440
13440 14480
58640 28600
61240 26360
5400 38600
29520 14160
45840 24080
8680 8760
69040 37880
39000 32040
14760 36960
43600 32960
10640 34520
12080 9720
37760 35120
11600 33840
65560 31040
54240 10520
30080 24640
53600 5000
61160 18080
68520 34400
28960 20440
64200 20560
57200 7560
18920 12560
49480 37440
39400 34360
23640 37160
58160 19640
17680 9880
66560 37400
6040 26480
400 31640
66240 5480
57040 39720
51320 13160
66840 11560
20280 38320
33640 22000
65600 25960
37880 38840
58080 18840
31000 26000
40880 15280
51720 15440
43360 27000
54040 38000
68600 1280
27200 27000
66720 19920
19760 32080
1240 19160
71080 5760
40800 29800
39920 31720
5280 24320
43120 33400
60200 15160
2600 21720
70080 29040
49080 23920
52280 3120
25360 17560
44480 10560
65720 5440
21400 29800
47400 5000
30680 1800
10440 21680
16960 17280
24520 26920
61800 34960
22360 15440
71920 39040
60440 36320
16480 11200
40480 14920
65960 30520
21360 38880
21720 36720
12280 29000
50120 10840
9840 15160
37240 28880
42160 18400
18960 22760
31920 30240
71960 27640
43560 3360
69440 31360
51400 12200
7160 36760
65080 16040
48080 10480
7240 6760
5160 6840
43720 39240
52920 3000
24080 16400
16040 25920
65160 31240
31240 38720
44960 4880
13880 26320
15120 28080
23600 17920
32680 34080
24880 37080
64040 35880
10040 11160
32240 8880
15640 21000
71160 160
6760 12200
70160 8960
29040 21320
61560 19320
64360 31600
65560 35120
34880 14880
10440 17600
60240 30400
41440 30200
9160 1040
12040 30560
39200 15720
21720 27920
45200 11960
65640 360
39200 6240
31360 12280
12280 15000
21680 20560
23120 25080
38480 2560
49880 38040
10480 25760
22480 8320
60160 2280
26280 2040
10240 37280
64160 26880
11560 7520
54680 13840
32920 38880
23960 20840
22240 280
62920 29080
39640 35480
63000 20800
27840 8680
8600 30200
19960 3200
2640 22760
66240 13520
71320 27440
30200 32080
31880 17160
58880 23400
29720 16240
69360 21640
69840 31560
51040 25920
70480 7280
9040 24440
30720 23960
50400 29680
29440 39520
