100 0
62200 33880
58440 23680
31200 12920
43400 6000
15040 19440
11320 28000
15520 21640
60640 33240
22560 25680
24120 8400
38880 960
37880 17680
27480 11960
13040 39200
63040 2800
11120 24760
37680 19280
19720 23880
19440 21640
12480 11080
41080 35720
37960 9040
37640 5360
64400 5800
60040 12000
1040 31160
10360 7040
3560 6400
18840 28760
30400 15440
44840 12520
59840 26840
56360 26440
63560 36880
960 15640
59160 9400
71240 29360
19040 10200
24200 39320
71760 1760
21000 21240
59480 20280
36400 26920
70720 25840
520 19160
21080 8960
56560 18600
52240 18080
4160 17840
18560 22160
46200 24920
59360 21720
64960 34000
1360 8600
15160 16360
4360 9280
11040 3240
3280 27640
17120 15200
2280 35600
6520 14640
36960 22160
240 36400
38000 21040
26000 10840
4760 20800
23160 15440
16400 19680
39040 30080
71360 26000
48080 5000
200 29200
53920 39120
28960 38160
14920 25760
70400 37720
42600 34840
23280 37760
27680 10440
50600 21560
36720 11600
40880 22240
45720 23800
42720 13240
14200 33840
9840 15760
27720 17480
9240 21200
57120 600
8960 39680
27120 37640
22800 17720
7400 16440
19840 9000
52960 280
47680 38720
8240 29520
38760 37320
59880 21320
3880 32240
