150 0
45360 39680
70520 35000
15600 11000
55760 9600
320 14800
71760 10680
9640 39000
71320 18840
4160 5200
19480 8800
47640 21160
25800 32720
51360 25760
27160 3400
18480 29840
50040 33240
55560 30360
61280 24280
51840 21440
7000 480
66400 7880
49720 37040
71840 23680
22840 24040
44600 2560
25600 16280
70240 34160
32280 29040
40240 14120
19920 23280
32680 6080
70960 34800
37000 34560
9320 26800
65760 25480
30640 32800
2280 1400
29040 12680
49080 3680
37600 1120
10240 7440
68560 13040
71280 840
62760 17720
49000 10320
32880 20560
66120 17200
34720 24920
9360 2320
61880 2560
15080 35320
57560 7080
58800 12240
32400 20800
39480 10800
49520 38800
66640 36480
40600 17080
31760 5400
3720 5200
50320 13920
7440 24520
5240 21920
43440 24120
4240 23160
37640 800
64560 17920
24040 5320
36920 120
34560 37400
36600 18320
11080 37280
28880 20760
6600 29400
38640 25920
37680 9480
41800 3000
34520 36320
50360 13280
56000 15520
8480 31600
71680 36840
61080 9120
30600 11040
58320 39480
40080 14040
38960 31640
5240 31080
56000 6280
5600 14120
17840 22200
62480 17680
10640 19360
62880 34360
50280 22400
9760 1040
50440 2240
28600 35880
6720 480
46520 34960
16000 15320
53800 34920
31720 30560
23200 34920
60880 24720
46520 33440
57840 840
49440 17880
64120 6080
70520 7760
43840 520
27240 19760
54520 33600
59520 12320
6560 10360
64200 5200
37440 38440
37960 26640
45440 38680
34120 3880
39360 13040
35360 28440
34000 37560
26040 32560
61080 5920
13120 9480
66280 9440
37520 2800
21240 26640
47320 30440
13560 36680
13400 23000
23840 22600
46680 13480
64920 8240
32400 26640
37080 2600
28920 32080
13560 160
44480 14880
23200 28200
57400 19440
37560 31440
63800 18520
13800 14080
23480 22040
56360 3000
42520 32480
13040 30720
58440 4280
