200 0
16.6 39.68
47.08 17.12
2.12 35.4
52.4 22.6
45.32 11.52
27.92 23.56
65.64 31.48
56.12 35.72
20.44 1.24
33.32 24.4
4.28 35.28
36.4 16.36
30.24 3.96
65.64 16.52
44.2 4.12
54.76 22.76
26.16 26.24
40.84 36.88
30.12 9.6
59.64 36.84
27.16 35.24
7.68 38.36
39.56 22.04
64.64 36.04
68.36 34.36
6.48 27
6.64 8.4
39.64 4.8
66.96 20.32
53.16 29.96
69.72 28.04
14.96 29.12
33.36 35.2
38.2 30.84
24.16 14.88
46.68 7.68
63.56 2.48
60 11.08
6.72 24.84
58.76 4.76
9.52 25.48
5.04 11.28
5.24 32.16
15.32 15.68
30.36 36.04
2.76 14.12
69 36.32
64.36 14.84
56.72 3.16
32.24 22.76
60.44 12.04
11.28 18.28
12.28 32.32
54.8 18.56
62.48 17.44
11.12 17.12
56.6 1.52
64.36 29.48
58.36 22.08
23.44 32.6
29.28 34.24
6.56 5.36
12.24 5.12
7.4 13.76
31.16 27.52
59.8 18.4
60.64 20
18.92 6.76
4.08 5.24
4.12 30.24
30.32 27.92
24.92 30.64
32.32 9.68
2.08 16.44
13.08 13.08
56.52 27.04
60.08 31.52
10.2 33.28
10.56 21.92
12.92 15.04
3.2 23.4
46.72 21.4
1.08 6.76
60.68 33.24
15.76 33
18.08 32.32
25.2 10.68
57.12 28.6
18.64 13.12
40 31.92
6.12 6.04
69.64 31.64
63.04 33.68
14.08 14.84
28.92 27.96
16.72 27.2
10.92 26.24
62.72 20.28
46.4 8.48
16.24 5.04
55.04 7.6
48.12 7.28
45.08 7.76
9.24 10.96
3.72 37.12
21.32 12.6
58.6 33.12
49.12 20.4
25.36 14.72
17.28 3.88
71.16 1.12
11.76 1.68
18.24 26.72
31.4 38.64
8.12 10.88
28.24 22.88
15.8 27.2
16.4 28.12
44.64 32.32
25.2 25.52
24.32 34.76
56.88 2.36
13.6 1.8
69.76 35.56
69.52 16.84
38.24 36.68
15.96 17.72
14.6 6.92
8.16 19.48
64.64 35.6
57.76 2.08
3.16 27
52.96 20.04
58.16 7.32
65.08 25.92
56.72 38.4
62.8 20.04
26.56 5.76
50.12 34.2
17.44 1.64
33.24 7.68
39.8 5.2
37.12 28.92
47.24 27.28
42.96 30.68
64 2.68
14.8 28.08
49.56 17.68
60.8 39.68
69.52 23.56
49.16 22.52
41.8 1.12
40.72 33.24
23.56 38.36
46.56 37.52
28.96 30
41.04 30.32
41.16 2.04
38.04 27.72
44.36 31.12
65.64 25.92
8.92 31.52
59.84 24.04
15.92 36.52
13.48 19.92
62.76 34.6
58.28 20.64
53.2 32.56
40.96 3.76
4.64 36.52
43.32 3
50.6 29.24
32 20.52
25.04 29.6
53.64 37.68
48.92 15.12
42.32 17.48
1.68 38.04
57.12 22.36
62.88 38.04
55.52 31.48
55 31.68
2.52 12.8
32.88 28.72
32.28 32.96
47.68 38.2
55.48 28.44
12.64 4.32
67.16 34.12
7.4 9.88
11.4 8.68
49.04 5.44
10.28 11.76
20.2 0.56
36.96 33.4
25.52 14.44
62.28 10.68
41.2 32.84
67.36 16.72
35 38.84
