250 0
19320 21400
26920 9680
4440 18600
48040 5600
25880 3080
46640 32280
68000 27120
20360 5160
29200 27480
60680 28600
65880 9840
50320 36960
10280 7760
1560 15320
51280 720
22760 29600
42200 5200
27080 38160
60720 1520
34600 31440
14040 39880
35240 15760
9240 39200
40080 15880
8480 20400
69640 9840
37880 5760
12760 23880
11960 17800
1560 23120
35480 32240
800 14520
32280 23760
37040 23520
15720 38080
14400 22480
34640 12000
22680 8440
34160 15000
11320 21040
54320 18960
65800 4720
9920 24480
54680 1240
49800 5560
64480 28920
9960 16680
55920 30600
44680 10000
62400 22840
23720 5760
21520 9840
54000 31560
24000 13600
15560 38280
2960 38280
68360 8480
31880 35880
33320 8200
64680 12560
47760 33040
20640 30800
34920 16560
16960 7080
65160 13280
59160 35040
24200 25240
44000 1280
840 9840
22880 14720
13400 25440
28160 36400
34800 31240
66600 11160
55240 6720
1520 4400
34520 4600
29800 4720
60040 27040
71760 31200
64560 400
38040 28280
62320 7680
14080 38960
46960 760
17480 28440
47840 26240
1520 8040
39280 5120
39040 18600
59880 4600
50040 14920
32080 18160
39640 15240
1400 18400
59480 27720
8320 20560
63960 23400
36000 35400
9680 1200
54640 21520
12880 31680
21800 8200
50480 5240
44520 1800
40280 18320
25320 19400
18440 32840
37960 12360
40680 27200
17360 28080
62640 9360
66160 37560
50800 33120
62400 14040
60800 5960
10760 15800
3040 28720
38800 25560
18400 37760
48120 25000
52960 11600
37320 7200
44880 33840
41080 19560
9120 3000
50160 38960
25920 4920
39680 28920
18400 31720
10880 20440
33440 31480
66440 38160
62360 39360
7680 36240
42120 38840
40000 21240
27240 1920
63360 28360
49560 32760
29760 9240
32200 2320
15240 20560
50720 6040
40320 14000
34360 4040
57320 24000
23920 12680
35040 37800
51880 35040
1480 29400
17400 36680
24120 24400
25800 32080
71800 6160
71280 16800
71560 5400
61400 6160
66080 38840
51080 13840
54440 25720
42240 39880
4160 25320
12640 33000
39680 8240
52240 16360
27400 35360
34640 3880
35280 9640
71320 17480
41080 17600
8000 5560
26520 27760
54280 9720
33360 15840
47280 800
32360 9640
22160 400
5160 25200
2320 38160
8840 12680
60480 5600
19160 37760
47240 6240
38000 29880
57400 23120
59280 6400
10280 36280
17480 14640
35280 34880
45000 38440
35400 32320
24720 11840
44880 14240
16160 28280
20000 14640
16480 34000
19760 4080
49360 14160
1000 8080
43760 2920
6480 19960
48320 18360
70240 33680
38040 10960
33200 32520
7520 32720
60640 17320
19800 14200
10000 20520
30440 13120
26640 16040
29560 22520
5480 9640
16160 37360
68640 31240
16120 14080
55480 840
60120 13840
59600 27280
50760 16800
1400 34560
28040 9640
16720 32040
39040 21520
19600 32280
16640 22400
10280 32080
29880 5000
56720 35000
46080 35280
32120 32360
28640 32320
19400 17760
54240 8600
58600 21880
23400 7680
59280 27480
62720 2560
67320 2200
160 27760
54400 29640
15440 29640
21240 6160
23160 7160
13640 39160
33600 31080
71760 33880
9200 26160
6320 18640
