300 0
65080 25000
7920 27080
49600 23960
42400 14920
10720 12200
5280 3080
16520 7480
6720 1240
9200 24000
58200 36480
47760 15920
20160 27080
51920 33280
14080 35400
44600 28160
42560 10480
66640 19200
20360 19840
53920 27480
53000 19720
53680 27040
4720 18080
35800 12400
57680 21680
33240 27680
17320 29640
8160 11960
13360 20800
67320 36720
35000 9520
41000 30720
840 25680
70760 32280
10880 32000
44400 23480
55840 10800
7800 31520
65920 25320
20640 7840
1800 34240
61320 20400
1720 16120
24680 37240
27280 9960
62560 19800
9120 19680
6640 27200
18600 17520
12160 12480
44680 37160
57520 5760
63960 3240
16360 30600
21840 36520
31240 18360
56240 34240
18320 30640
33280 21840
70840 30800
30640 38680
48480 6760
29520 25000
6640 7640
4320 9280
25920 1160
67200 680
35360 11640
34640 13920
51680 26000
45640 10880
4960 19600
3520 5440
19800 37920
28280 440
69080 33160
5560 36640
26320 21480
55760 23680
71720 33320
43960 29080
43200 8160
49360 14880
15800 13560
2840 37800
11440 39280
28160 20040
36280 14960
54920 17560
55000 34040
49320 31160
51080 14720
21240 21120
560 12760
29520 21960
69120 2800
66800 6640
27480 25360
53080 600
49440 24680
38440 29800
28240 24320
58320 10920
8720 8320
59800 7520
49120 7320
27760 17040
56440 9840
8440 36200
57640 20160
4120 33680
19600 3320
18720 34080
18240 28240
67560 37640
48760 17040
30440 33400
13200 3880
57120 2680
53960 560
61840 20160
5440 7520
31040 14440
70000 8720
59520 5120
26520 6040
35600 21440
56400 19440
43520 26000
64640 39960
49280 36000
10640 8360
51640 5640
42200 1880
67000 21480
48880 18120
7280 9840
28280 28720
26000 37760
54200 38680
800 12680
29240 38000
24080 520
27600 20520
19440 800
32720 19200
20080 26720
8120 20160
54960 30200
39840 15120
30240 34080
27680 35920
13120 10920
4440 560
70000 14680
49880 14000
33200 39920
71760 37520
35760 33520
52120 8200
640 14360
12240 32960
26600 12320
41800 7520
11680 36160
61080 31760
31360 32280
39560 16520
14200 10560
61240 37960
36960 30000
28320 11160
50960 10680
41560 20400
57440 26440
23000 6960
47920 19320
23840 5760
56520 25040
65480 4840
41040 36960
26240 880
3840 4440
6640 3000
15200 26600
39920 11840
30880 31840
60280 5640
30640 16080
7800 6360
40320 27760
1800 23440
27400 12160
13720 4400
20960 9600
5240 2880
67280 3040
48640 6840
56520 12040
8840 30640
25280 35040
54000 33720
38280 7040
51040 34520
27600 17960
29600 17520
56920 4800
30280 2480
360 17680
44800 16440
22720 4600
58640 1480
7200 8400
38960 5400
5320 30240
58320 36440
35600 4120
54080 23120
54840 39120
7480 34360
67000 16760
58200 30320
33880 23000
63440 29400
43920 12560
39040 14360
7320 12520
28960 14520
49600 8200
9400 11360
42280 34440
47920 28120
60360 34280
55160 20400
67920 18080
11560 39720
23280 19080
71000 8600
20800 1160
69960 38960
2560 11200
55080 33440
28480 8880
32040 7360
33800 8600
71400 1200
29320 30960
64040 6160
8160 20000
52800 33720
16480 22480
49400 14520
68680 6920
57120 12840
18400 17120
50480 33920
41120 35400
17080 3280
35360 29480
520 34520
35240 2640
51960 14400
2720 13560
35240 6120
49680 5440
71680 23880
13280 5880
37200 39440
47880 880
27080 3400
68880 37800
18640 360
71280 6000
44200 12480
25200 12920
65200 23120
29320 1640
42520 36440
61120 11720
9000 33040
38720 34640
3920 35960
4320 30640
17640 25600
5080 15800
3960 960
53840 7440
70480 32640
45400 38040
15280 25400
40240 28200
14600 19200
12920 6720
7960 17440
14200 34320
44320 17000
57360 4200
64280 24960
47120 14680
12040 13920
57760 26800
