300 0
11320 22880
71440 17280
51680 20080
14120 1960
36520 3960
51000 23080
61080 31720
46520 22640
17880 16360
51080 8000
32320 17480
15600 34960
1560 34880
29160 33920
59040 33320
10880 11200
20320 1800
31760 39400
22480 520
18160 11480
29920 14680
66360 4800
4080 39520
2440 22840
8560 26000
45200 37800
37640 10960
34960 35600
31320 9080
30480 11440
44600 19440
7120 8720
54160 24160
45960 16520
16880 27000
27320 9720
33920 31200
30200 28640
51240 9680
43840 16800
9280 4760
63560 36600
65680 34320
63120 32040
3240 33960
6240 22760
8840 21360
28160 33480
19960 18720
44800 30440
63000 10160
28600 17400
65280 21840
12440 17720
53680 36200
9320 28520
63720 4360
61080 4520
68600 26400
42840 18560
66960 4720
69440 35880
13160 26280
17360 23280
65680 7000
43520 37480
5720 32400
16800 1640
61200 5600
6240 39800
61600 27560
47680 21920
29280 33680
56760 37720
49960 12560
13480 6080
53160 3080
3720 28240
56160 33320
31120 27120
54960 26680
51080 27520
3760 29720
66920 19600
36520 8600
19200 30440
21760 25320
30520 24880
46360 9880
31800 16480
31480 22520
60560 27400
34440 1040
1120 280
50320 10800
11280 5960
19120 36880
63640 3120
34840 11840
38360 5960
32000 16720
4440 34000
62240 38640
46600 2920
14920 19280
5680 14520
32320 3760
15160 18640
60040 33520
26280 28720
1600 27960
55680 9880
37160 13320
50840 27400
23720 39840
71080 36080
14880 28080
4480 5640
11320 38200
20680 31040
19200 8840
47280 16720
56440 4240
56680 5800
38960 37080
19640 11000
32400 9040
64880 15400
67400 14120
11760 18000
52560 1840
66280 1680
11320 13760
38320 27560
27400 22600
15400 14680
49200 22720
52040 38160
12240 35840
52080 29560
68800 2240
16960 23400
28120 1280
40720 33800
70360 12680
35120 120
15480 36200
50920 32080
40920 10800
51600 720
59080 10720
59040 37960
12280 31240
5760 22080
3400 16000
1000 2920
53240 1120
62080 5360
25200 14520
8720 6240
60320 29600
58400 2880
42240 32160
39200 15800
7760 31160
43320 31280
42280 5520
27800 19280
27720 23480
56520 13680
36240 16480
12840 560
44560 5880
54880 11520
71160 37760
64200 36720
26560 17240
36000 4040
62280 37800
3720 13360
54280 14480
67600 24240
70920 35760
21720 24360
13560 33240
28480 14880
22160 26000
35360 10760
20520 2600
36280 12880
10000 3480
49320 25000
28600 33800
27560 21800
34520 26560
65160 22280
10680 12840
35840 35880
56800 28760
38000 24720
7800 36840
30320 11000
60040 13360
44200 5960
42200 3680
44520 21440
49360 21000
38080 24040
51960 31280
21360 30640
4800 19280
35320 38520
56840 35760
27560 9520
9480 20600
27520 34560
29920 38640
36240 33440
20400 18080
44240 17920
14760 37040
41280 13080
53480 18400
35200 6680
9000 38600
12880 26360
13400 31160
27160 16560
17280 12520
60680 4360
33080 26720
10320 15360
55040 13640
46400 760
11600 480
37760 1600
69040 15560
42680 16480
56600 37520
4960 1840
66680 33680
7160 16120
40320 7800
63480 1760
46760 1440
26400 9920
30640 18320
47280 20800
8320 32720
55640 10280
42440 18040
24600 11920
25440 19920
65320 13240
8720 11920
27280 3800
34000 39240
10480 34120
17400 760
29640 22360
45440 1280
41160 37320
1480 9440
35560 22360
4800 38840
32480 29920
14760 17880
71880 33920
43240 30880
28280 2640
15720 3480
62800 33720
64880 2360
15760 19880
8560 26960
52000 33120
4360 2560
10440 2680
15520 5960
9880 18800
62320 36920
51920 2240
55080 23920
1400 4560
4320 30720
71440 35640
39800 39280
51720 2800
41120 11160
56720 15960
53600 2280
40 35920
23760 6800
2480 18600
26560 1840
41040 3160
37240 39760
56600 23600
6800 39320
24520 9760
