300 0
69160 7680
51760 12440
24920 35040
64120 39280
31520 11360
69480 33640
11560 23920
29960 22760
6880 29400
13040 26240
50920 10720
16240 9720
27360 3120
14120 6840
30800 24760
63240 17040
25880 18640
69040 18160
69480 320
2320 26680
71600 31360
44280 20080
57960 26000
14760 5000
41560 33760
63560 4040
67200 34040
28400 38480
16920 35040
45720 3560
20920 12200
15040 19560
24600 2800
36120 25880
20040 13080
61840 24160
9240 9920
47280 38600
16520 7320
16960 34320
25240 21480
50560 25160
34280 31560
17360 11560
68960 16200
55920 35320
80 1440
45040 5000
29000 30280
41280 2480
6080 24400
31800 24920
33520 37960
37280 23320
4400 19160
68760 1520
18280 11480
37240 20280
46320 4120
13520 23000
58880 12720
45280 10600
53920 3880
61640 18760
51000 13160
33200 37960
51760 7280
5480 17800
5240 20240
25320 2040
60120 11040
71280 30040
62960 15880
18040 1400
56000 24520
56280 5360
63680 29680
70000 35920
17600 13040
31000 16120
37720 3560
48160 11520
48760 7640
1240 24480
33320 12480
62680 13800
23120 23960
4240 25280
68320 21920
67800 18880
69920 25040
160 9440
18000 31120
17480 26800
21040 37120
24640 34440
39000 15880
71520 34920
43760 15680
61720 120
11120 11960
45920 32320
60160 16280
46360 6800
5320 34000
46880 20040
60520 39560
15880 3000
50360 35560
7120 21200
69160 27720
14160 37160
67200 32440
70000 27160
23480 2800
14320 9320
22000 1360
26800 39880
68760 21120
60400 2240
69360 7200
55880 20440
7320 27680
23080 39160
22160 14000
57560 35600
69760 38200
71200 35840
37280 3120
71120 25560
63040 27360
14760 24240
58920 39560
38560 17560
6920 33320
22080 3080
35360 6080
40960 1280
71120 30720
44000 30680
49880 30360
13280 17920
15920 9320
29600 24600
31600 39880
42160 39640
15440 21080
23120 24600
2800 13520
55360 16520
17080 16880
11280 33800
5760 21000
65400 22240
3680 23120
34000 34400
59760 14760
62400 30520
14680 18360
49240 10960
57440 34080
43040 33040
61800 13080
13480 5880
56400 38000
53960 11560
70040 14840
46520 36760
44440 33840
8160 7680
17720 18240
55600 4880
62920 30080
5400 3800
6040 12240
33440 11680
35160 20320
26440 20040
49200 31440
27040 6280
30960 37160
45000 28240
32520 29240
24680 17480
31920 13040
6560 5840
4080 19720
12680 13760
37560 6800
49440 20200
56280 3800
45480 28200
23080 25960
41040 15520
22960 10880
50320 8200
59320 15040
16360 15240
48840 20880
1000 29800
55960 26760
69200 17200
48040 520
9920 11280
69200 36440
12440 4320
41840 2720
27840 25400
42880 33280
46440 40
12160 16840
15640 9960
13160 17960
17480 37560
17400 17200
22080 27040
68040 1240
49440 8000
45000 31360
56080 2200
42920 37400
53840 35440
17040 4080
60360 21320
28600 34800
53920 12160
59960 3480
43800 10240
12720 38000
68320 15160
10360 36480
57920 34840
67160 37760
7560 5800
18120 21200
9560 32720
66840 12560
54480 8400
43120 8360
23920 26320
53640 18880
36320 8920
48400 6440
6960 27880
56800 2280
560 8040
65840 30960
64320 22440
4200 24280
63880 8960
29520 27480
30000 600
52240 30280
18080 6160
11360 38760
53440 1760
25400 23480
44560 20120
30680 26480
39560 35360
12120 21520
7320 31920
29440 36320
27080 19880
33320 28280
13440 20400
26840 18480
18080 9480
38160 24480
20600 31400
60880 8040
48760 15120
4000 3840
52760 38600
12760 35480
42640 19200
23920 19200
51920 14360
18640 35080
52440 19920
50960 2920
12800 18840
39760 18000
52280 8080
42040 26400
7960 37720
45960 20960
70680 28120
64680 11760
14720 16360
33720 25760
15160 18840
33760 320
71200 2200
46520 22720
18520 12880
36160 13320
19160 20560
20520 18240
49080 12720
