300 0
35160 16400
27920 28640
62320 39400
45040 21240
52240 8160
2520 37800
30360 22320
32920 3880
24960 31960
69840 16960
20400 22560
61680 9880
55600 30280
49480 32000
1680 10480
3520 21440
47280 20800
68600 23360
49680 17880
30440 11200
6200 21040
36560 14080
56720 36600
9320 30040
21120 38480
29960 8840
32120 28520
9920 13800
12880 8840
15680 2600
45520 2200
70960 18760
53120 13800
9840 27280
51440 360
69920 38240
61560 25840
16920 36080
26240 4560
62920 20960
57400 34560
44560 10680
33320 840
36320 11440
31520 25880
42720 12800
64520 640
44800 7480
6280 26560
50200 17240
56400 3720
22640 3760
1360 4600
16760 7760
53800 32920
60240 4080
27160 15560
67520 36640
71440 25680
17320 18400
12280 38400
52520 6320
2360 32440
26480 8120
60600 12160
35360 23920
29080 29520
25360 13720
70080 39280
20680 37360
55600 1680
2320 17400
28080 25000
54200 1400
55240 21920
45920 16560
30440 34480
12280 19320
18720 19560
9120 5640
15960 960
22840 30200
29800 23520
70160 13560
18080 22000
22160 35360
10800 38760
37800 8560
26720 34800
7160 38280
59680 20560
18120 11480
49880 34800
49480 37200
32440 18520
64040 14280
48400 24760
3400 3320
69520 27640
12880 17520
54640 2600
37200 39520
22840 37400
71040 20000
20000 38440
36320 18760
35080 35800
7200 15480
41080 27200
45040 15680
24080 31000
32400 22160
13520 31240
64160 32520
16520 13240
34120 32080
12240 22600
65200 32800
8440 35280
22840 38640
45840 8120
46720 10760
64520 12840
43040 1720
62360 25640
29120 22240
49320 19320
17920 11120
20600 14880
64200 6120
1320 20280
66080 27320
52480 38480
2520 23160
63240 3440
25840 5560
57360 24720
48040 17600
68880 13840
41280 8120
36880 28000
11280 25040
47000 39360
47360 31040
13920 29560
50040 31520
47000 38960
24000 39960
56800 30320
68680 31880
51400 16800
38640 30520
9680 2480
35680 38320
8120 26200
30480 35760
11680 34360
6680 7760
71600 18720
69680 7080
62800 16480
37360 5040
63480 21720
32040 39960
54440 22520
1080 12880
65120 39760
51480 18840
66840 32960
18840 14440
42200 19200
10560 8720
10760 16320
36440 30280
24200 480
28920 20640
61640 34960
11360 26160
58240 25160
69080 32560
71000 1320
41680 19480
50560 3120
32280 35120
71480 3280
17240 27160
7440 3560
51280 26480
43040 17760
45840 6360
33920 27200
66360 2040
25160 13880
22880 400
19760 37040
5560 25680
6120 39680
7360 33680
16840 38200
63240 11120
39000 15880
58360 19280
43640 32720
3520 34680
20080 10800
59240 8800
27440 22560
25560 30360
56600 35440
68680 7520
68840 1480
33880 6440
25080 38960
10160 1560
10160 24040
69360 11920
46040 22360
920 17320
24440 14520
67080 11720
41160 39680
63680 10880
36960 11120
69160 26760
65440 37960
24160 38480
15880 33920
42360 360
69000 38720
69040 16040
36680 35240
18000 13680
36080 30640
60800 480
16280 13840
60320 39480
41520 8280
22080 23720
60120 36760
69600 10360
20440 24040
71440 33080
47280 6440
15800 4080
60120 17800
1920 22080
45600 10720
43640 38440
33280 25400
67160 20200
15280 1640
40000 11440
65600 21760
33480 35800
57360 19160
59600 25360
48760 9800
67880 15240
36720 33080
8000 14200
48920 8800
27720 24640
30360 17720
58200 240
24960 13680
48320 38920
26240 17760
5640 23600
61240 26200
39720 22280
5560 30120
14320 1760
29320 6920
49800 20640
31320 39440
64760 1880
42920 4080
1320 3760
42400 35880
32160 31520
41160 3840
32560 15960
63360 5960
31840 13960
39080 8200
45040 26160
71240 2440
58960 15640
55680 35720
32520 9200
2640 7440
14840 9040
49800 11960
54720 13040
7800 18920
6640 21000
6480 35040
3600 20200
18480 17680
20440 30920
