300 0
16480 200
50680 21600
51160 2840
29000 12080
47960 5640
7480 18600
21160 21600
36120 23960
51920 16880
44480 1320
27160 8680
18200 31880
69840 31080
37440 27520
2400 31080
64640 17960
2200 24600
42680 32440
3080 6040
11240 13000
63080 39240
13760 33200
48360 1760
66800 7640
4920 36080
53520 2440
30480 34960
67280 760
39320 23280
57680 39880
19560 5720
13600 6600
51840 22680
44880 6680
16400 30840
63960 38200
57160 9760
42320 30760
60520 1960
2080 38520
45880 6080
20120 6480
4320 20840
4240 13880
42240 26920
28560 37680
47800 3320
20800 23520
55280 13440
5080 22640
65920 14400
23200 5160
31920 29880
43520 3920
720 14080
45440 24000
47680 33440
9240 32440
66080 15720
68720 23120
26240 31080
18800 4960
7120 35560
63240 9120
4320 22280
32960 5360
41680 15200
43040 12440
3720 28440
23960 2000
65160 2280
47000 39040
34920 39200
63200 4200
24640 26520
12560 7400
28000 3640
68200 27440
4600 26520
2800 39680
58200 38880
2600 36320
38280 38080
39720 39280
69680 12040
33320 25120
43680 22840
16760 31040
35680 29200
32960 5720
44480 9880
53480 32880
46920 26040
64680 39960
13040 13640
53040 30400
64240 33320
13400 5720
69280 720
48240 27760
63840 20880
6800 34760
36600 9440
27520 10800
5360 5160
27880 21800
58200 10880
29760 39440
31520 21320
9320 33920
32680 11000
1480 25080
37680 37200
61000 37360
31440 30000
42280 11600
26280 37640
70880 24440
45360 8920
32200 3000
16600 4720
5040 5720
49600 21880
15600 29960
62800 28400
44040 12720
32520 1040
26480 29480
57600 4160
16240 29520
36840 5360
43840 2840
29440 3600
53440 760
10000 1320
20200 29280
62600 9920
20720 6080
37560 34040
30680 1120
38520 3920
26320 33240
30440 17920
37600 28080
1480 16600
280 10320
29920 6600
22120 8520
58120 30840
31240 18000
20360 21400
40640 38520
19600 39520
61600 32200
8720 29560
21280 28280
52840 920
67560 9560
34920 11200
10480 21160
71520 25560
800 27480
3120 19200
2880 14320
38160 39440
70760 32480
22280 35960
12400 24480
54840 16920
9680 4960
8120 3720
6280 24600
61240 38080
69920 27440
63360 10240
61680 22120
57280 3880
53560 37200
71520 27000
38640 35800
39720 6120
57880 37000
10880 39200
24920 34880
2120 18960
19200 6800
31000 32200
66040 5720
15080 36440
35360 10200
19840 30280
7560 30440
4880 16200
54440 2400
15600 13680
6160 2880
44280 4360
46120 34840
57880 37960
57400 25320
26240 13240
24320 14440
6960 1400
48040 36280
34200 6720
520 6920
50120 31600
43520 8320
6320 6560
6440 31760
38320 39520
23960 6200
5960 14800
47000 2480
53320 32680
31840 11080
71000 33240
48800 19560
68840 7480
47480 15560
43960 39040
24560 28240
40440 9920
57280 6120
50680 27040
64720 15760
19880 1040
67400 38760
8120 37680
39000 5280
43920 9800
31600 31680
15120 22240
67760 13840
12720 7200
60520 25400
25400 32480
16080 20880
55080 35440
3880 19440
31200 2080
10920 12040
45280 36080
58360 12120
45520 35960
31280 23160
44280 26480
54200 30360
46040 29880
18360 35920
55960 36200
29880 13600
36600 14800
15520 13800
7400 28480
17640 5760
37240 10240
9200 39720
23880 38880
62600 38880
61040 36080
49840 10400
10840 360
25440 8360
41880 23000
57160 22760
9480 26560
57680 920
24040 10680
57440 33040
58800 30160
38040 25320
25240 1480
41560 6320
32720 7560
33200 30440
35040 31280
15120 12160
66040 16080
33600 24680
50320 16800
33720 8120
15840 34920
19680 14880
13120 20600
12120 29080
5120 36480
33560 38680
4960 25320
65680 16920
36160 35560
68800 36520
63160 4040
65680 3720
63360 22720
33680 21320
38680 5640
36920 32560
36120 28560
1800 38200
