300 0
47720 9160
69040 21440
16920 23080
13320 8440
47040 9400
2760 12720
28480 39760
57080 19280
17720 1520
2360 11720
55160 20040
11040 21720
52760 8960
21720 32280
9600 30800
2080 20760
31120 20080
7800 21600
51720 25800
64120 14640
49680 23840
60920 18640
27440 30880
48480 15880
66320 8080
40320 18760
32920 480
63760 36600
8040 23080
8160 18240
19720 16080
54280 7800
1280 2800
5040 5560
17240 39960
49880 30040
40160 31160
23880 21720
70680 30240
45760 17960
59760 8680
45800 32600
67200 640
5480 38120
56000 21120
2080 37520
56920 30360
70760 29600
47320 1960
50240 5920
69000 30320
11200 1920
46920 31480
11480 27360
34040 39080
43960 36480
37560 4480
20560 10440
52640 19680
240 9600
56360 1280
27000 29560
35560 22120
34680 320
45280 280
25680 8760
29720 13360
68640 11960
40920 3640
11160 2520
6920 18160
43160 5040
67000 20120
46080 25200
22960 5880
53400 14720
57360 28640
61120 7400
66200 10960
9720 38120
61400 12480
20480 21680
25640 20680
34640 24840
10840 17120
63480 25280
23560 9080
30640 27120
62400 25760
59400 25280
56480 30640
62280 20680
28600 14800
40200 11120
1160 20960
57640 31840
11040 5240
60600 30280
64560 3880
2240 11560
63080 23280
23280 8080
6960 28080
24960 29600
52520 1560
15280 6440
23200 3120
60720 37520
27400 18600
17640 38000
19440 20600
52160 8000
10600 37320
63360 39800
70600 14920
41720 27400
64880 6560
13040 5920
44120 32440
61320 30760
51320 31200
63840 24400
40960 21400
53320 28200
58920 26320
39240 20760
3640 22600
59920 31960
47360 20680
26800 37120
57040 29560
25600 22960
640 4360
11840 26400
54240 14920
29120 19680
29640 21920
40520 2840
70720 14840
15840 23880
45120 2160
66600 24840
63320 37480
71600 9480
7680 2680
26000 7160
7520 17560
53080 11600
25080 27080
18160 5560
47000 11640
67720 14960
30080 27160
23920 14240
46320 33960
66960 28800
1080 31960
15640 6720
64640 16720
27600 26320
59040 35680
200 22960
42760 26640
70240 10000
3960 33320
34040 8360
28160 12440
51800 17920
39240 6760
10920 7320
16880 12360
28440 4560
47800 1000
28320 5400
32680 34360
34000 23320
19160 20960
60880 9400
9960 32120
5360 21360
14520 9800
34480 23440
14040 39600
30600 17080
62680 640
21560 5040
18920 15560
28760 18440
53760 15040
33360 27560
30360 18960
47400 120
36840 25120
52680 27640
64880 26600
20400 31280
21240 24480
49400 37760
14080 26040
63440 19400
67200 38680
20160 4720
59120 18120
16400 19720
43200 13640
47160 18520
40600 25080
39240 11960
64640 31680
47640 3760
40480 34120
33120 29920
24360 12880
7160 38360
6880 10880
57040 1760
30760 5840
50320 11120
46520 9680
64480 8520
28800 19000
51760 36520
52360 31000
31600 10080
24760 38800
39320 15280
5800 24680
10120 18400
46320 6640
33120 1920
12360 9200
45760 10240
64360 7560
33880 14880
23720 13440
8880 9360
38760 35080
48680 21720
47440 16520
6440 37560
47200 35040
35280 25520
64520 22840
39000 25560
19080 21360
22520 4160
41560 38720
28720 3000
41840 1920
52440 34080
13640 7480
14760 2640
47920 17800
5920 36040
34120 12160
35120 14600
66080 29840
17080 34800
16960 34000
42040 15680
25920 19600
37280 25720
62800 34960
57360 39240
28120 39000
23480 35920
58960 33920
48000 32000
55680 5920
33040 5320
35320 39240
1000 12440
20640 36480
11720 9480
22480 11880
23520 4960
5520 26720
39320 35840
22760 36600
30040 10400
30120 15840
44760 15240
15760 32800
5120 36920
33960 680
51440 13920
21200 23720
39480 34840
11360 32840
16200 26240
36040 27760
52440 6000
14440 3760
8640 14360
62280 31080
32360 3680
5920 33800
23560 26920
57960 17160
36280 2560
