50 50
26760.000000 2040.000000
13920.000000 26920.000000
2320.000000 12920.000000
37440.000000 25240.000000
12480.000000 19000.000000
17280.000000 39240.000000
33440.000000 8160.000000
23240.000000 23040.000000
32440.000000 7240.000000
16560.000000 34080.000000
33080.000000 28840.000000
64960.000000 29320.000000
31200.000000 6920.000000
63080.000000 24640.000000
56040.000000 5160.000000
640.000000 29800.000000
50360.000000 8480.000000
50120.000000 31200.000000
10480.000000 21440.000000
57040.000000 23280.000000
8080.000000 19280.000000
13320.000000 17640.000000
60720.000000 28760.000000
22280.000000 30160.000000
37360.000000 11640.000000
32160.000000 21080.000000
55520.000000 38880.000000
67560.000000 35120.000000
32560.000000 38360.000000
30760.000000 7800.000000
11520.000000 33720.000000
10280.000000 10680.000000
57840.000000 9720.000000
6080.000000 20240.000000
33600.000000 1240.000000
42560.000000 20360.000000
71720.000000 29080.000000
20960.000000 21080.000000
8920.000000 7200.000000
44720.000000 17440.000000
53200.000000 12880.000000
26320.000000 32800.000000
63080.000000 39840.000000
40280.000000 7400.000000
11400.000000 31080.000000
20360.000000 10000.000000
17000.000000 25480.000000
71520.000000 17120.000000
43320.000000 28600.000000
61160.000000 19840.000000
0 34 6887
34 12 6166
12 29 984
29 8 1771
8 6 1359
6 43 6882
43 24 5148
24 35 10153
35 39 3632
39 40 9628
40 16 5237
16 14 6579
14 32 4902
32 47 15553
47 49 10711
49 19 5367
19 13 6191
13 22 4748
22 11 4277
11 36 6764
36 27 7334
27 42 6508
42 26 7621
26 17 9388
17 48 7280
48 3 6772
3 25 6722
25 10 7814
10 28 9534
28 41 8358
41 23 4826
23 7 7184
7 37 3007
37 46 5920
46 1 3400
1 9 7631
9 5 5210
5 30 7978
30 44 2643
44 15 10836
15 33 10999
33 20 2218
20 18 3229
18 4 3155
4 21 1598
21 2 11970
2 38 8734
38 31 3736
31 45 10103
45 0 10214
