100 0
68960 22440
71840 26840
54320 22880
53480 1320
63280 21640
11160 35240
29520 32400
24480 34640
33600 3280
22040 35040
31600 11200
2680 4600
36440 8800
48200 7760
61760 3280
33680 2600
16000 10360
34480 20760
10160 33280
39800 31760
24560 38600
31400 39520
62680 7400
28840 30480
37520 32640
17080 15320
27520 24280
51560 28240
65040 720
26880 7680
20960 32360
1520 26520
65160 9560
28960 4800
15160 11280
1200 37920
39440 7120
24480 12840
44760 2440
19200 36760
36360 12480
53560 12760
43200 8440
22720 36880
45840 2680
5080 36520
45400 28960
15040 6480
43520 32160
31840 31400
20720 38440
920 38320
16040 31240
25640 32960
26120 6800
54560 1800
25760 28280
15160 9920
27160 9600
920 13160
13360 8800
52080 1520
48120 8520
38600 11360
18840 11200
17400 3120
68360 920
46800 23120
34640 1080
6400 11280
1160 32680
71520 36480
28200 8040
25600 21320
49400 17120
70560 40
39720 30280
6760 17120
54960 33680
6840 10680
51920 8000
18440 13080
8360 25280
34720 38600
44600 12160
51840 25080
30160 22280
58320 120
12320 26000
10320 24960
18840 29360
59960 6200
54560 15600
49120 1760
45240 29480
60600 20280
45640 17760
19560 9480
56480 9240
55200 9360
